100
101
103
105
107
110
111
113
115
117
120
121
122
128
129
137
141
143
147
155
185
187
194
197
205
212
213
218
223
235
238
239
240
247
272
274
275
278
279
280
284
288
289
301
303
309
311
322
329
335
346
348
380
387
389
391
396
405
406
422
423
424
426
429
453
489
490
497
500
510
521
524
539
548
550
562
567
576
578
582
583
585
595
596
598
599
600
603
613
614
627
629
630
632
637
641
642
653
654
665
670
679
680
694
696
702
703
705
745
752
762
769
770
783
792
797
804
805
807
826
829
832
845
857
862
872
887
901
903
910
914
935
938
947
949
961
962
963
968
975
982
990
993
996
1091
1092
1124
1366
1398
1417
1422
1480
1578
1580
1585
1891
1892
1955
2013
2062
2118
2493
2503
3078
3082
3083
3090
3112
3175
4935
5156
5915
5924
5925
6977
7345
7508
7984
8392
8587
9277
9552
10020
10098
10191
10193
10681
10774
10775
11216
11324
11423
11645
11697
11778
11787
11878
12405
12445
12477
13223
13475
14160
14756
16869
17654
20453
24238
24428
25376
27205
37165
37247
37257
44214
45269
46738
49026
49051
50014
59440
60243
68718
74643
77338
84892
87827
